+-----------+------------+---------+---------+
| Iteration | Throughput | Optimum | Runtime |
+-----------+------------+---------+---------+
|     0     |   1242.0   |  1242.0 |   0.0   |
|     1     |   9145.0   |  9145.0 |   0.0   |
|     2     |   8473.0   |  9145.0 |   0.0   |
|     3     |   6590.0   |  9145.0 |   0.0   |
|     4     |   9408.0   |  9408.0 |   0.0   |
|     5     |   9530.0   |  9530.0 |   0.0   |
|     6     |   4792.0   |  9530.0 |   0.0   |
|     7     |   4584.0   |  9530.0 |   0.0   |
|     8     |   2523.0   |  9530.0 |   0.0   |
|     9     |   4527.0   |  9530.0 |   0.0   |
|     10    |   4035.0   |  9530.0 |   0.0   |
+-----------+------------+---------+---------+